Version 0.9.7
16
 4 10 175 77 128 0 1
 5 80 400 206 81 2 2
 0 118 265 877 276 8 3
 0 117 540 877 276 140 4
 0 992 265 877 276 272 5
 0 991 540 877 276 404 6
 1 210 136 206 81 536 7
 1 427 136 206 81 546 8
 1 650 134 206 81 556 9
 3 1794 14 203 58 566 11
 3 1024 648 203 58 575 13
 3 1795 14 203 58 584 14
 3 1024 599 203 58 593 16
 0 992 815 877 276 602 17
 0 116 814 877 276 734 18
 6 153 1099 449 130 866 19
 0
547
 16744448 5 71 275 71 275 71 275 171 275 171 279 171 279 0 1 0 3
 255 5 225 147 225 147 197 147 197 147 197 292 197 292 0 7 0 3
 16744448 5 225 205 225 205 225 279 225 279 223 279 223 279 0 7 0 3
 16744448 5 665 203 665 203 665 203 665 203 665 279 665 279 0 9 0 3
 255 5 665 145 665 145 643 145 643 292 639 292 639 292 0 9 0 3
 8454016 5 457 383 457 383 457 383 457 422 457 422 457 422 0 3 0 3
 8454016 5 616 173 636 173 636 261 561 261 561 331 561 331 0 8 0 3
 8454016 5 561 383 561 383 561 383 561 383 561 422 561 422 0 3 0 3
 8454016 5 561 435 561 435 561 427 470 427 470 435 470 435 0 3 0 3
 8454016 5 597 173 636 173 636 261 574 261 574 331 574 331 0 8 0 3
 8454016 5 574 383 574 383 574 383 574 422 574 422 574 422 0 3 0 3
 8454016 5 483 331 483 331 483 262 636 262 636 173 578 173 0 3 0 8
 8454016 5 522 331 522 262 637 262 637 160 559 160 559 160 0 3 0 8
 8454016 5 540 173 540 173 473 173 473 260 587 260 587 331 0 8 0 3
 8454016 5 587 383 587 383 587 383 587 422 587 422 587 422 0 3 0 3
 8454016 5 587 435 587 435 587 428 613 428 613 435 613 435 0 3 0 3
 8454016 5 521 173 521 173 473 173 473 261 600 261 600 331 0 8 0 3
 8454016 5 600 383 600 383 600 383 600 422 600 422 600 422 0 3 0 3
 8454016 5 600 435 600 435 600 435 652 435 652 435 652 435 0 3 0 3
 255 5 470 331 470 331 470 331 470 292 470 292 470 292 0 3 0 3
 255 5 613 331 613 331 613 331 613 292 613 292 613 292 0 3 0 3
 16744448 5 548 474 548 474 548 474 548 513 548 513 548 513 0 3 0 3
 16744448 5 691 474 691 474 691 474 691 513 691 513 691 513 0 3 0 3
 8453888 5 502 173 472 173 472 261 626 261 626 331 626 331 0 8 0 3
 8453888 5 483 173 483 173 471 173 471 261 665 261 665 331 0 8 0 3
 8453888 5 399 173 416 173 416 257 184 257 184 331 184 331 0 7 0 3
 8453888 5 184 422 184 422 184 422 184 383 184 383 184 383 0 3 0 3
 8453888 5 184 435 184 435 184 428 249 428 249 435 249 435 0 3 0 3
 8453888 5 380 173 416 173 416 257 179 257 179 331 171 331 0 7 0 3
 8453888 5 171 383 171 383 171 383 171 422 171 422 171 422 0 3 0 3
 8453888 5 171 435 171 435 171 435 223 435 223 435 223 435 0 3 0 3
 8453888 5 342 173 417 173 417 259 249 259 249 331 249 331 0 7 0 3
 8453888 5 361 160 361 160 416 160 416 261 223 261 223 331 0 7 0 3
 8453888 5 323 173 323 173 253 173 253 258 301 258 301 331 0 7 0 3
 8453888 5 304 173 304 173 252 173 252 259 314 259 314 331 0 7 0 3
 8453888 5 301 383 301 383 301 383 301 422 301 422 301 422 0 3 0 3
 8453888 5 301 435 301 435 301 426 379 426 379 435 379 435 0 3 0 3
 8453888 5 314 383 314 383 314 383 314 422 314 422 314 422 0 3 0 3
 8453888 5 314 435 314 435 314 437 353 437 353 435 353 435 0 3 0 3
 8453888 5 285 173 253 173 253 261 353 261 353 331 353 331 0 7 0 3
 8453888 5 266 173 249 173 249 261 379 261 379 331 379 331 0 7 0 3
 8454143 5 706 171 706 171 694 171 694 264 704 264 704 331 0 9 0 3
 8454143 5 704 383 704 383 704 383 704 422 704 422 704 422 0 3 0 3
 8454143 5 704 344 704 344 704 341 678 341 678 344 678 344 0 3 0 3
 8454143 5 639 331 639 331 639 331 678 331 678 331 678 331 0 3 0 3
 8454143 5 639 344 639 344 639 341 535 341 535 344 535 344 0 3 0 3
 8454143 5 535 331 535 331 535 331 496 331 496 331 496 331 0 3 0 3
 8454143 5 704 474 704 474 704 474 665 474 665 474 665 474 0 3 0 3
 8454143 5 665 461 665 461 665 469 626 469 626 461 626 461 0 3 0 3
 8454143 5 626 474 626 474 626 474 522 474 522 474 522 474 0 3 0 3
 8454143 5 522 461 522 461 522 468 483 468 483 461 483 461 0 3 0 3
 255 5 197 331 197 331 198 331 198 292 210 292 210 292 0 3 0 3
 255 5 327 331 327 331 327 331 327 292 327 292 327 292 0 3 0 3
 16744448 5 288 474 288 474 288 474 288 513 288 513 288 513 0 3 0 3
 16744448 5 418 474 418 474 418 474 418 513 418 513 418 513 0 3 0 3
 4194432 5 496 474 496 474 496 470 262 470 262 474 262 474 0 3 0 3
 4194432 5 535 461 535 461 535 453 210 453 210 461 210 461 0 3 0 3
 4194432 5 509 370 509 370 509 376 210 376 210 370 210 370 0 3 0 3
 4194432 5 548 370 548 370 548 370 262 370 262 370 262 370 0 3 0 3
 4194432 5 639 448 639 448 639 447 392 447 392 448 392 448 0 3 0 3
 4194432 5 678 435 678 435 678 441 340 441 340 448 340 448 0 3 0 3
 4194432 5 652 357 652 357 652 364 340 364 340 357 340 357 0 3 0 3
 4194432 5 691 357 691 357 691 358 392 358 392 357 392 357 0 3 0 3
 16777088 5 236 370 236 370 236 370 158 370 158 370 158 370 0 3 0 3
 16777088 5 158 383 158 383 158 383 158 422 158 422 158 422 0 3 0 3
 16777088 5 236 474 236 474 236 474 236 606 183 606 183 606 0 3 0 4
 16777088 5 197 474 197 474 197 574 170 574 170 606 170 606 0 3 0 4
 16777088 5 158 474 158 474 155 474 155 605 209 605 209 606 0 3 0 4
 16777088 5 275 357 275 357 275 364 145 364 145 357 145 357 0 3 0 3
 16777088 5 145 383 145 383 145 383 145 422 145 422 145 422 0 3 0 3
 16777088 5 145 474 145 474 145 575 248 575 248 606 248 606 0 3 0 4
 16777088 5 183 658 183 658 183 658 183 697 183 697 183 697 0 4 0 4
 16777088 5 183 710 183 710 183 703 196 703 196 710 196 710 0 4 0 4
 16777088 5 170 658 170 658 170 658 170 697 170 697 170 697 0 4 0 4
 16777088 5 170 710 170 710 170 717 235 717 235 710 235 710 0 4 0 4
 16777088 5 366 474 366 474 366 580 313 580 313 606 313 606 0 3 0 4
 16777088 5 313 658 313 658 313 658 313 697 313 697 313 697 0 4 0 4
 16777088 5 313 710 313 710 313 703 326 703 326 710 326 710 0 4 0 4
 16777088 5 327 474 327 474 327 578 300 578 300 606 300 606 0 3 0 4
 16777088 5 300 658 300 658 300 658 300 697 300 697 300 697 0 4 0 4
 16777088 5 300 710 300 710 300 710 365 710 365 710 365 710 0 4 0 4
 16777088 5 366 357 366 357 366 351 431 351 431 357 431 357 0 3 0 3
 16777088 5 431 383 431 383 431 383 431 422 431 422 431 422 0 3 0 3
 16777088 5 431 474 431 474 431 598 339 598 339 606 339 606 0 3 0 4
 16777088 5 405 344 405 344 405 342 444 342 444 344 444 344 0 3 0 3
 16777088 5 444 383 444 383 444 383 444 422 444 422 444 422 0 3 0 3
 16777088 5 444 474 444 474 444 580 378 580 378 606 378 606 0 3 0 4
 8404992 5 288 357 288 357 288 347 717 347 717 357 717 357 0 3 0 3
 8404992 5 717 383 717 383 717 383 717 422 717 422 717 422 0 3 0 3
 8404992 5 717 461 717 461 717 460 405 460 405 461 405 461 0 3 0 3
 8454143 5 483 435 483 435 483 433 275 433 275 435 275 435 0 3 0 3
 8404992 5 730 383 730 383 730 383 730 422 730 422 730 422 0 3 0 3
 8404992 5 418 331 418 331 418 337 769 337 769 331 769 331 0 3 0 3
 255 5 756 331 756 331 756 331 756 292 756 292 756 292 0 3 0 3
 255 5 873 331 873 331 873 331 873 292 873 292 873 292 0 3 0 3
 16744448 5 834 474 834 474 834 474 834 513 834 513 834 513 0 3 0 3
 16744448 5 951 474 951 474 951 485 925 485 925 513 925 513 0 3 0 3
 8454143 5 704 370 704 370 704 379 886 379 886 370 886 370 0 3 0 3
 32768 5 912 370 912 370 912 370 912 370 847 370 847 370 0 3 0 3
 32768 5 847 383 847 383 847 383 847 422 847 422 847 422 0 3 0 3
 32768 5 847 474 847 474 847 581 456 581 456 606 456 606 0 3 0 4
 32768 5 456 619 456 619 456 610 391 610 391 619 391 619 0 4 0 4
 32768 5 391 606 391 606 391 606 352 606 352 606 352 606 0 4 0 4
 32768 5 352 619 352 619 352 612 261 612 261 619 261 619 0 4 0 4
 32768 5 261 606 261 606 261 606 222 606 222 606 222 606 0 4 0 4
 32768 5 456 658 456 658 456 658 456 697 456 697 456 697 0 4 0 4
 32768 5 456 749 456 749 456 749 378 749 378 749 378 749 0 4 0 4
 32768 5 378 736 378 736 378 744 339 744 339 736 339 736 0 4 0 4
 32768 5 339 749 339 749 339 740 248 740 248 749 248 749 0 4 0 4
 32768 5 248 736 248 736 248 744 209 744 209 736 209 736 0 4 0 4
 255 5 196 606 196 606 196 606 196 567 196 567 196 567 0 4 0 4
 255 5 326 606 326 606 326 606 326 567 326 567 326 567 0 4 0 4
 16744448 5 274 788 274 788 274 788 274 749 274 749 274 749 0 4 0 4
 16744448 5 404 788 404 788 404 788 404 749 404 749 404 749 0 4 0 4
 16744448 5 1812 279 1812 279 1838 279 1838 279 1838 331 1838 331 0 5 0 5
 16744448 5 1838 383 1838 383 1838 383 1838 422 1838 422 1838 422 0 5 0 5
 16744448 5 1838 474 1838 474 1838 513 1838 513 1812 513 1812 513 0 5 0 5
 16744448 5 1799 513 1799 513 1799 554 1799 554 1798 554 1798 554 0 5 0 6
 16744448 5 1837 606 1837 606 1837 554 1837 554 1811 554 1811 554 0 6 0 6
 16744448 5 1837 658 1837 658 1837 658 1837 697 1837 697 1837 697 0 6 0 6
 16744448 5 1837 749 1837 749 1837 788 1837 788 1811 788 1811 788 0 6 0 6
 255 5 1812 292 1812 292 1825 292 1825 292 1825 331 1825 331 0 5 0 5
 255 5 1825 383 1825 383 1825 383 1825 422 1825 422 1825 422 0 5 0 5
 255 5 1825 474 1825 474 1825 520 1799 520 1799 526 1799 526 0 5 0 5
 255 5 1812 526 1812 526 1812 567 1812 567 1811 567 1811 567 0 5 0 6
 255 5 1798 567 1798 567 1824 567 1824 567 1824 606 1824 606 0 6 0 6
 255 5 1824 658 1824 658 1824 658 1824 697 1824 697 1824 697 0 6 0 6
 255 5 1824 749 1824 749 1824 801 1824 801 1811 801 1811 801 0 6 0 6
 33023 5 222 723 222 723 222 720 521 720 521 723 521 723 0 4 0 4
 33023 5 261 723 261 723 261 735 495 735 495 723 495 723 0 4 0 4
 33023 5 235 645 235 645 235 650 495 650 495 645 495 645 0 4 0 4
 33023 5 274 645 274 645 274 645 274 645 521 645 521 645 0 4 0 4
 33023 5 352 736 352 736 352 740 651 740 651 736 651 736 0 4 0 4
 33023 5 391 723 391 723 391 723 391 723 625 723 625 723 0 4 0 4
 33023 5 365 632 365 632 365 639 625 639 625 632 625 632 0 4 0 4
 33023 5 404 632 404 632 404 654 651 654 651 632 651 632 0 4 0 4
 16744448 5 534 749 534 749 534 749 534 788 534 788 534 788 0 4 0 4
 16744448 5 482 749 482 749 482 749 482 788 482 788 482 788 0 4 0 4
 16744448 5 482 606 482 606 482 606 482 554 482 554 482 554 0 4 0 4
 16744448 5 534 606 534 606 534 606 534 554 534 554 534 554 0 4 0 4
 16744448 5 560 749 560 749 560 749 560 788 560 788 560 788 0 4 0 4
 16744448 5 690 749 690 749 690 749 690 788 690 788 690 788 0 4 0 4
 255 5 469 606 469 606 469 606 469 567 469 567 469 567 0 4 0 4
 255 5 599 606 599 606 599 606 599 567 599 567 599 567 0 4 0 4
 16744448 5 612 606 612 606 612 606 612 554 612 554 612 554 0 4 0 4
 16744448 5 664 606 664 606 664 606 664 554 664 554 664 554 0 4 0 4
 16744448 5 664 749 664 749 664 749 664 788 664 788 664 788 0 4 0 4
 16744448 5 612 749 612 749 612 749 612 788 612 788 612 788 0 4 0 4
 32768 5 456 710 456 710 456 712 547 712 547 710 547 710 0 4 0 4
 8421376 5 560 645 560 645 560 645 573 645 573 645 573 645 0 4 0 4
 8421376 5 573 658 573 658 573 658 573 697 573 697 573 697 0 4 0 4
 8421376 5 573 710 573 710 573 710 677 710 677 710 677 710 0 4 0 4
 16777088 5 183 749 183 749 183 756 755 756 755 749 755 749 0 4 0 4
 16777088 5 209 619 209 619 209 623 807 623 807 619 807 619 0 4 0 4
 16777088 5 170 723 170 723 170 727 794 727 794 723 794 723 0 4 0 4
 16777088 5 248 632 248 632 248 625 768 625 768 632 768 632 0 4 0 4
 32896 5 768 749 768 749 768 751 508 751 508 749 508 749 0 4 0 4
 32896 5 469 710 469 710 469 703 807 703 807 710 807 710 0 4 0 4
 32896 5 508 606 508 606 508 614 820 614 820 606 820 606 0 4 0 4
 32896 5 547 606 547 606 547 609 781 609 781 606 781 606 0 4 0 4
 16777088 5 313 723 313 723 313 715 885 715 885 723 885 723 0 4 0 4
 16777088 5 300 749 300 749 300 746 924 746 924 749 924 749 0 4 0 4
 16777088 5 339 632 339 632 339 635 937 635 937 632 937 632 0 4 0 4
 16777088 5 378 619 378 619 378 625 898 625 898 619 898 619 0 4 0 4
 32896 5 638 736 638 736 638 737 898 737 898 736 898 736 0 4 0 4
 32896 5 599 736 599 736 599 731 937 731 937 736 937 736 0 4 0 4
 32896 5 638 645 638 645 638 651 950 651 950 645 950 645 0 4 0 4
 32896 5 677 645 677 645 677 639 911 639 911 645 911 645 0 4 0 4
 8454143 5 704 448 704 448 704 448 743 448 743 448 743 448 0 3 0 3
 8454143 5 743 474 743 474 731 474 731 606 729 606 729 606 0 3 0 4
 8454143 5 729 658 729 658 729 658 729 697 729 697 729 697 0 4 0 4
 8454143 5 729 710 729 710 729 710 742 710 742 710 742 710 0 4 0 4
 8454143 5 729 645 729 645 729 645 846 645 846 645 846 645 0 4 0 4
 8454143 5 846 658 846 658 846 658 846 697 846 697 846 697 0 4 0 4
 16744448 5 833 749 833 749 833 749 833 788 833 788 833 788 0 4 0 4
 16744448 5 963 749 963 749 931 749 931 788 924 788 924 788 0 4 0 4
 255 5 872 606 872 606 872 606 872 567 872 567 872 567 0 4 0 4
 255 5 742 567 742 567 742 567 742 606 742 606 742 606 0 4 0 4
 255 5 71 228 71 228 171 228 171 228 171 292 171 292 0 1 0 3
 16744448 5 444 279 444 279 444 205 444 205 442 205 442 205 0 3 0 8
 255 5 442 147 442 147 430 147 430 292 431 292 431 292 0 8 0 3
 8454143 5 846 710 846 710 846 710 872 710 872 710 872 710 0 4 0 4
 16744448 5 885 606 885 606 885 606 885 554 885 554 885 554 0 4 0 4
 16744448 5 755 606 755 606 755 606 755 554 755 554 755 554 0 4 0 4
 16744448 5 574 435 574 435 574 435 509 435 509 435 509 435 0 3 0 3
 8404992 5 769 344 769 344 769 344 769 344 1019 344 1019 344 0 3 0 5
 16744576 5 899 357 899 357 899 356 782 356 782 357 782 357 0 3 0 3
 32768 5 912 357 912 357 912 358 1032 358 1032 357 1032 357 0 3 0 5
 32768 5 1032 383 1032 383 1027 383 1027 422 1032 422 1032 422 0 5 0 5
 8404992 5 1019 383 1019 383 1019 383 1019 422 1019 422 1019 422 0 5 0 5
 8404992 5 1019 435 1019 435 1019 428 1058 428 1058 435 1058 435 0 5 0 5
 32768 5 1032 435 1032 435 1032 435 1071 435 1071 435 1071 435 0 5 0 5
 8454143 5 704 357 704 357 704 369 795 369 795 370 795 370 0 3 0 3
 8388863 5 808 370 808 370 808 364 938 364 938 370 938 370 0 3 0 3
 8404992 5 769 357 769 357 769 350 925 350 925 344 925 344 0 3 0 3
 8421440 5 951 370 951 370 951 369 1227 369 1227 370 1227 370 0 3 0 5
 255 5 1201 474 1201 474 1201 474 1201 526 1201 526 1201 526 0 5 0 5
 16744448 5 1188 474 1188 474 1188 474 1188 513 1188 513 1188 513 0 5 0 5
 16744448 5 1214 474 1214 474 1214 474 1214 513 1214 513 1214 513 0 5 0 5
 16744448 5 1227 474 1227 474 1227 474 1227 513 1227 513 1227 513 0 5 0 5
 16744448 5 1279 474 1279 474 1279 474 1279 513 1279 513 1279 513 0 5 0 5
 255 5 1188 331 1188 331 1188 331 1188 292 1188 292 1188 292 0 5 0 5
 16744448 5 1253 331 1253 331 1253 331 1253 279 1253 279 1253 279 0 5 0 5
 16744448 5 1279 331 1279 331 1279 331 1279 279 1279 279 1279 279 0 5 0 5
 16711808 5 1240 370 1240 370 1240 370 1292 370 1292 370 1292 370 0 5 0 5
 16744448 5 1409 513 1409 513 1409 513 1409 474 1409 474 1409 474 0 5 0 5
 255 5 1318 292 1318 292 1318 292 1318 331 1318 331 1318 331 0 5 0 5
 8421376 5 1227 357 1227 357 1227 351 1344 351 1344 357 1344 357 0 5 0 5
 16711808 5 1292 383 1292 383 1292 383 1292 422 1292 422 1292 422 0 5 0 5
 16711808 5 1266 357 1266 357 1266 357 1305 357 1305 357 1305 357 0 5 0 5
 16711808 5 1305 383 1305 383 1305 383 1305 422 1305 422 1305 422 0 5 0 5
 16711808 5 1370 435 1370 435 1370 428 1305 428 1305 435 1305 435 0 5 0 5
 16711808 5 1292 435 1292 435 1292 435 1344 435 1344 435 1344 435 0 5 0 5
 8454016 5 1240 448 1240 448 1240 442 1331 442 1331 448 1331 448 0 5 0 5
 8454016 5 1331 461 1331 461 1331 468 1383 468 1383 461 1383 461 0 5 0 5
 16744448 5 1331 331 1331 331 1331 331 1331 279 1331 279 1331 279 0 5 0 5
 16744448 5 1383 331 1383 331 1383 331 1383 279 1383 279 1383 279 0 5 0 5
 8454016 5 1357 474 1357 474 1357 474 1448 474 1448 474 1448 474 0 5 0 5
 8454016 5 1318 448 1318 448 1318 448 1435 448 1435 448 1435 448 0 5 0 5
 8454016 5 1448 422 1448 422 1448 422 1448 383 1448 383 1448 383 0 5 0 5
 8454016 5 1435 383 1435 383 1435 383 1435 422 1435 422 1435 422 0 5 0 5
 8454016 5 1448 370 1448 370 1448 375 1513 375 1513 370 1513 370 0 5 0 5
 8454016 5 1435 370 1435 370 1435 370 1500 370 1500 370 1500 370 0 5 0 5
 8454016 5 1357 357 1357 357 1357 357 1474 357 1474 357 1474 357 0 5 0 5
 16744448 5 1461 474 1461 474 1461 474 1461 513 1461 513 1461 513 0 5 0 5
 16744448 5 1201 331 1201 331 1201 331 1201 279 1201 279 1201 279 0 5 0 5
 255 5 1214 331 1214 331 1214 331 1214 292 1214 292 1214 292 0 5 0 5
 255 5 1487 331 1487 331 1487 331 1487 292 1487 292 1487 292 0 5 0 5
 255 5 1461 331 1461 331 1461 331 1461 292 1461 292 1461 292 0 5 0 5
 255 5 1474 474 1474 474 1474 474 1474 526 1474 526 1474 526 0 5 0 5
 16744448 5 1487 474 1487 474 1487 474 1487 513 1487 513 1487 513 0 5 0 5
 16744448 5 1500 474 1500 474 1500 474 1500 513 1500 513 1500 513 0 5 0 5
 16744448 5 1552 474 1552 474 1552 474 1552 513 1552 513 1552 513 0 5 0 5
 16744448 5 1682 474 1682 474 1682 474 1682 513 1682 513 1682 513 0 5 0 5
 16744448 5 1656 331 1656 331 1656 331 1656 279 1656 279 1656 279 0 5 0 5
 16744448 5 1604 331 1604 331 1604 331 1604 279 1604 279 1604 279 0 5 0 5
 255 5 1591 331 1591 331 1591 331 1591 292 1591 292 1591 292 0 5 0 5
 8454016 5 1539 331 1539 331 1539 326 1578 326 1578 331 1578 331 0 5 0 5
 8454016 5 1513 357 1513 357 1513 357 1565 357 1565 357 1565 357 0 5 0 5
 8454016 5 1617 344 1617 344 1617 344 1500 344 1500 344 1500 344 0 5 0 5
 8454016 5 1513 448 1513 448 1513 442 1604 442 1604 448 1604 448 0 5 0 5
 8454016 5 1604 461 1604 461 1604 461 1656 461 1656 461 1656 461 0 5 0 5
 8454016 5 1578 383 1578 383 1578 383 1578 422 1578 422 1578 422 0 5 0 5
 8454016 5 1578 435 1578 435 1578 427 1643 427 1643 435 1643 435 0 5 0 5
 8454016 5 1565 383 1565 383 1565 383 1565 422 1565 422 1565 422 0 5 0 5
 8454016 5 1565 435 1565 435 1565 435 1617 435 1617 435 1617 435 0 5 0 5
 16744448 5 1370 331 1370 331 1370 331 1370 279 1370 279 1370 279 0 5 0 5
 16744448 5 1812 474 1812 474 1812 513 1812 513 1786 513 1786 513 0 5 0 5
 255 5 1721 331 1721 331 1721 331 1721 292 1721 292 1721 292 0 5 0 5
 8454016 5 1630 474 1630 474 1630 474 1708 474 1708 474 1708 474 0 5 0 5
 8454016 5 1708 422 1708 422 1708 422 1708 383 1708 383 1708 383 0 5 0 5
 8454016 5 1708 370 1708 370 1708 377 1773 377 1773 370 1773 370 0 5 0 5
 8454016 5 1695 383 1695 383 1695 383 1695 422 1695 422 1695 422 0 5 0 5
 8454016 5 1591 448 1591 448 1591 448 1695 448 1695 448 1695 448 0 5 0 5
 8454016 5 1695 370 1695 370 1695 370 1760 370 1760 370 1760 370 0 5 0 5
 8454016 5 1474 344 1474 344 1474 338 1643 338 1643 344 1643 344 0 5 0 5
 8454016 5 1630 357 1630 357 1630 357 1734 357 1734 357 1734 357 0 5 0 5
 255 5 1747 331 1747 331 1747 331 1747 292 1747 292 1747 292 0 5 0 5
 255 5 1734 474 1734 474 1734 474 1734 526 1734 526 1734 526 0 5 0 5
 16744448 5 1721 474 1721 474 1721 474 1721 513 1721 513 1721 513 0 5 0 5
 16744448 5 1760 474 1760 474 1760 474 1760 513 1760 513 1760 513 0 5 0 5
 16744448 5 1747 513 1747 513 1747 513 1747 474 1747 474 1747 474 0 5 0 5
 8454016 5 1773 357 1773 357 1871 357 1871 701 1746 701 1746 710 0 5 0 6
 8454016 5 1799 370 1799 370 1871 370 1871 727 1772 727 1772 710 0 5 0 6
 8454016 5 1773 474 1773 474 1872 474 1872 711 1733 711 1733 710 0 5 0 6
 8454016 5 1733 723 1733 723 1733 717 1785 717 1785 723 1785 723 0 6 0 6
 8454016 5 1760 357 1760 357 1871 357 1871 612 1746 612 1746 606 0 5 0 6
 8454016 5 1734 344 1734 344 1871 344 1871 619 1772 619 1772 619 0 5 0 6
 255 5 1590 606 1590 606 1590 606 1590 567 1590 567 1590 567 0 6 0 6
 255 5 1720 606 1720 606 1720 606 1720 567 1720 567 1720 567 0 6 0 6
 16744448 5 1681 749 1681 749 1681 749 1681 788 1681 788 1681 788 0 6 0 6
 16744448 5 1811 749 1811 749 1811 788 1811 788 1798 788 1798 788 0 6 0 6
 16744448 5 1733 606 1733 606 1733 606 1733 554 1733 554 1733 554 0 6 0 6
 16744448 5 1785 606 1785 606 1785 606 1785 554 1785 554 1785 554 0 6 0 6
 16744448 5 1590 749 1590 749 1590 749 1590 788 1590 788 1590 788 0 6 0 6
 16744448 5 1616 749 1616 749 1616 749 1616 788 1616 788 1616 788 0 6 0 6
 16744448 5 1629 749 1629 749 1629 749 1629 788 1629 788 1629 788 0 6 0 6
 255 5 1616 567 1616 567 1616 567 1616 606 1616 606 1616 606 0 6 0 6
 255 5 1603 749 1603 749 1603 749 1603 801 1603 801 1603 801 0 6 0 6
 8454016 5 1707 658 1707 658 1707 658 1707 697 1707 697 1707 697 0 6 0 6
 8454016 5 1694 658 1694 658 1694 658 1694 697 1694 697 1694 697 0 6 0 6
 8454016 5 1720 710 1720 710 1720 710 1694 710 1694 710 1694 710 0 6 0 6
 8454016 5 1694 645 1694 645 1694 652 1629 652 1629 645 1629 645 0 6 0 6
 8454016 5 1759 723 1759 723 1759 723 1707 723 1707 723 1707 723 0 6 0 6
 8454016 5 1707 645 1707 645 1707 645 1642 645 1642 645 1642 645 0 6 0 6
 16744448 5 1551 749 1551 749 1551 749 1551 788 1551 788 1551 788 0 6 0 6
 255 5 1460 606 1460 606 1460 606 1460 567 1460 567 1460 567 0 6 0 6
 16744448 5 1473 606 1473 606 1473 606 1473 554 1473 554 1473 554 0 6 0 6
 16744448 5 1525 606 1525 606 1525 606 1525 554 1525 554 1525 554 0 6 0 6
 8454016 5 1642 736 1642 736 1642 742 1525 742 1525 736 1525 736 0 6 0 6
 8454016 5 1525 749 1525 749 1525 749 1525 749 1473 749 1473 749 0 6 0 6
 8454016 5 1668 619 1668 619 1668 619 1577 619 1577 619 1577 619 0 6 0 6
 8454016 5 1577 658 1577 658 1577 658 1577 697 1577 697 1577 697 0 6 0 6
 8454016 5 1577 710 1577 710 1577 702 1512 702 1512 710 1512 710 0 6 0 6
 8454016 5 1642 632 1642 632 1642 626 1564 626 1564 632 1564 632 0 6 0 6
 8454016 5 1564 658 1564 658 1564 658 1564 697 1564 697 1564 697 0 6 0 6
 8454016 5 1564 710 1564 710 1564 710 1486 710 1486 710 1486 710 0 6 0 6
 8454016 5 1629 632 1629 632 1629 638 1486 638 1486 632 1486 632 0 6 0 6
 8454016 5 1460 710 1460 710 1460 710 1434 710 1434 710 1434 710 0 6 0 6
 8454016 5 1434 697 1434 697 1434 697 1434 658 1434 658 1434 658 0 6 0 6
 8454016 5 1434 645 1434 645 1434 651 1369 651 1369 645 1369 645 0 6 0 6
 8454016 5 1499 723 1499 723 1499 716 1447 716 1447 723 1447 723 0 6 0 6
 8454016 5 1447 697 1447 697 1447 697 1447 658 1447 658 1447 658 0 6 0 6
 8454016 5 1447 645 1447 645 1447 645 1382 645 1382 645 1382 645 0 6 0 6
 16744448 5 1421 749 1421 749 1421 749 1421 788 1421 788 1421 788 0 6 0 6
 16744448 5 1785 788 1785 788 1785 829 1785 829 1786 829 1786 829 0 6 0 17
 16744448 5 1812 829 1812 829 1838 829 1838 829 1838 881 1838 881 0 17 0 17
 16744448 5 1838 933 1838 933 1838 933 1838 972 1838 972 1838 972 0 17 0 17
 16744448 5 1838 1024 1838 1024 1835 1024 1835 1063 1812 1063 1812 1063 0 17 0 17
 255 5 1798 801 1798 801 1798 842 1798 842 1799 842 1799 842 0 6 0 17
 255 5 1812 842 1812 842 1825 842 1825 842 1825 881 1825 881 0 17 0 17
 255 5 1825 933 1825 933 1825 933 1825 972 1825 972 1825 972 0 17 0 17
 255 5 1825 1024 1825 1024 1825 1076 1825 1076 1812 1076 1812 1076 0 17 0 17
 8454016 5 1369 632 1369 600 1872 600 1872 887 1747 887 1747 881 0 6 0 17
 8454016 5 1408 632 1408 599 1872 599 1872 978 1773 978 1773 985 0 6 0 17
 8454016 5 1382 632 1382 600 1871 600 1871 985 1747 985 1747 998 0 6 0 17
 8454016 5 1721 985 1721 985 1721 985 1695 985 1695 985 1695 985 0 17 0 17
 8454016 5 1695 972 1695 972 1695 972 1695 933 1695 933 1695 933 0 17 0 17
 8454016 5 1695 920 1695 920 1695 927 1630 927 1630 920 1630 920 0 17 0 17
 8454016 5 1708 972 1708 972 1708 972 1708 933 1708 933 1708 933 0 17 0 17
 8454016 5 1708 920 1708 920 1708 920 1643 920 1643 920 1643 920 0 17 0 17
 8454016 5 1708 998 1708 998 1708 998 1760 998 1760 998 1760 998 0 17 0 17
 8454016 5 1382 749 1382 761 1870 761 1870 1024 1786 1024 1786 1024 0 6 0 17
 8454016 5 1734 1011 1734 1011 1734 1011 1786 1011 1786 1011 1786 1011 0 17 0 17
 255 5 1330 567 1330 567 1330 567 1330 606 1330 606 1330 606 0 6 0 6
 255 5 1356 606 1356 606 1356 606 1356 567 1356 567 1356 567 0 6 0 6
 255 5 1343 749 1343 749 1345 749 1345 801 1343 801 1343 801 0 6 0 6
 255 5 1591 881 1591 881 1591 881 1591 842 1591 842 1591 842 0 17 0 17
 255 5 1617 881 1617 881 1617 881 1617 842 1617 842 1617 842 0 17 0 17
 255 5 1604 1024 1604 1024 1604 1024 1604 1076 1604 1076 1604 1076 0 17 0 17
 255 5 1721 881 1721 881 1721 881 1721 842 1721 842 1721 842 0 17 0 17
 255 5 1461 842 1461 842 1461 842 1461 881 1461 881 1461 881 0 17 0 17
 255 5 1331 881 1331 881 1331 881 1331 842 1331 842 1331 842 0 17 0 17
 255 5 1357 842 1357 842 1357 842 1357 881 1357 881 1357 881 0 17 0 17
 255 5 1344 1024 1344 1024 1344 1024 1344 1076 1344 1076 1344 1076 0 17 0 17
 255 5 1201 881 1201 881 1201 881 1201 842 1201 842 1201 842 0 17 0 17
 255 5 1071 842 1071 842 1071 842 1071 881 1071 881 1071 881 0 17 0 17
 255 5 1097 881 1097 881 1097 881 1097 842 1097 842 1097 842 0 17 0 17
 255 5 871 880 871 880 871 880 871 841 871 841 871 841 0 18 0 18
 255 5 767 841 767 841 767 841 767 880 767 880 767 880 0 18 0 18
 255 5 741 880 741 880 741 880 741 841 741 841 741 841 0 18 0 18
 255 5 611 880 611 880 611 880 611 841 611 841 611 841 0 18 0 18
 16744448 5 702 1023 702 1023 702 1023 702 1062 702 1062 702 1062 0 18 0 18
 16744448 5 832 1023 832 1023 832 1023 832 1062 832 1062 832 1062 0 18 0 18
 16744448 5 962 1023 962 1023 962 1023 936 1023 936 1062 936 1062 0 18 0 18
 16744448 5 1162 1024 1162 1024 1162 1024 1162 1063 1162 1063 1162 1063 0 17 0 17
 16744448 5 1292 1024 1292 1024 1292 1024 1292 1063 1292 1063 1292 1063 0 17 0 17
 16744448 5 1422 1024 1422 1024 1422 1024 1422 1063 1422 1063 1422 1063 0 17 0 17
 16744448 5 1552 1024 1552 1024 1552 1024 1552 1063 1552 1063 1552 1063 0 17 0 17
 16744448 5 1682 1024 1682 1024 1682 1024 1682 1063 1682 1063 1682 1063 0 17 0 17
 16744448 5 1591 1024 1591 1024 1591 1024 1591 1063 1591 1063 1591 1063 0 17 0 17
 16744448 5 1617 1024 1617 1024 1617 1024 1617 1063 1617 1063 1617 1063 0 17 0 17
 16744448 5 1630 1024 1630 1024 1630 1024 1630 1063 1630 1063 1630 1063 0 17 0 17
 16744448 5 1357 1024 1357 1024 1357 1024 1357 1063 1357 1063 1357 1063 0 17 0 17
 16744448 5 1370 1024 1370 1024 1370 1024 1370 1063 1370 1063 1370 1063 0 17 0 17
 16744448 5 1331 1024 1331 1024 1331 1024 1331 1063 1331 1063 1331 1063 0 17 0 17
 16744448 5 1474 881 1474 881 1474 881 1474 829 1474 829 1474 829 0 17 0 17
 16744448 5 1526 881 1526 881 1526 881 1526 829 1526 829 1526 829 0 17 0 17
 16744448 5 1734 881 1734 881 1734 881 1734 829 1734 829 1734 829 0 17 0 17
 16744448 5 1786 881 1786 881 1786 881 1786 842 1786 842 1786 842 0 17 0 17
 16744448 5 1214 829 1214 829 1214 829 1214 881 1214 881 1214 881 0 17 0 17
 16744448 5 1266 881 1266 881 1266 881 1266 829 1266 829 1266 829 0 17 0 17
 16744448 5 1071 1024 1071 1024 1071 1024 1071 1063 1071 1063 1071 1063 0 17 0 17
 16744448 5 1097 1024 1097 1024 1097 1024 1097 1063 1097 1063 1097 1063 0 17 0 17
 16744448 5 1110 1024 1110 1024 1110 1024 1110 1063 1110 1063 1110 1063 0 17 0 17
 16744448 5 741 1023 741 1023 741 1023 741 1062 741 1062 741 1062 0 18 0 18
 16744448 5 767 1023 767 1023 767 1023 767 1062 767 1062 767 1062 0 18 0 18
 16744448 5 780 1023 780 1023 780 1023 780 1062 780 1062 780 1062 0 18 0 18
 16744448 5 1330 749 1330 749 1330 749 1330 788 1330 788 1330 788 0 6 0 6
 16744448 5 1356 749 1356 749 1356 749 1356 788 1356 788 1356 788 0 6 0 6
 16744448 5 1369 749 1369 749 1369 749 1369 788 1369 788 1369 788 0 6 0 6
 16744448 5 884 828 884 828 884 828 884 880 884 880 884 880 0 18 0 18
 16744448 5 936 828 936 828 934 828 934 880 936 880 936 880 0 18 0 18
 16744448 5 624 880 624 880 624 880 624 828 624 828 624 828 0 18 0 18
 16744448 5 676 880 676 880 676 880 676 828 676 828 676 828 0 18 0 18
 8454016 5 1603 632 1603 632 1603 632 1512 632 1512 632 1512 632 0 6 0 6
 8454016 5 1499 632 1499 632 1499 632 1343 632 1343 632 1343 632 0 6 0 6
 8454016 5 1343 619 1343 600 1875 600 1875 881 1773 881 1773 881 0 6 0 17
 8454016 5 1603 606 1603 606 1603 613 1759 613 1759 606 1759 606 0 6 0 6
 8454016 5 1760 894 1760 894 1760 890 1604 890 1604 894 1604 894 0 17 0 17
 8454016 5 1643 1011 1643 1011 1643 1017 1526 1017 1526 1011 1526 1011 0 17 0 17
 8454016 5 1474 1024 1474 1024 1474 1024 1526 1024 1526 1024 1526 1024 0 17 0 17
 8454016 5 1565 933 1565 933 1565 933 1565 972 1565 972 1565 972 0 17 0 17
 8454016 5 1578 933 1578 933 1578 933 1578 972 1578 972 1578 972 0 17 0 17
 8454016 5 1578 985 1578 985 1578 977 1513 977 1513 985 1513 985 0 17 0 17
 8454016 5 1565 985 1565 985 1565 985 1487 985 1487 985 1487 985 0 17 0 17
 8454016 5 1643 907 1643 907 1643 896 1565 896 1565 907 1565 907 0 17 0 17
 8454016 5 1669 907 1669 907 1669 902 1578 902 1578 907 1578 907 0 17 0 17
 8454016 5 1604 907 1604 907 1604 907 1513 907 1513 907 1513 907 0 17 0 17
 8454016 5 1630 881 1630 881 1630 881 1487 881 1487 881 1487 881 0 17 0 17
 8454016 5 1240 474 1240 474 1294 474 1294 887 1227 887 1227 881 0 5 0 17
 8454016 5 1513 474 1513 474 1294 474 1294 881 1305 881 1305 881 0 5 0 17
 8454016 5 1305 933 1305 933 1305 933 1305 972 1305 972 1305 972 0 17 0 17
 8454016 5 1305 985 1305 985 1305 985 1305 985 1227 985 1227 985 0 17 0 17
 8454016 5 1773 461 1773 461 1294 461 1294 881 1318 881 1318 881 0 5 0 17
 8454016 5 1318 933 1318 933 1318 933 1318 972 1318 972 1318 972 0 17 0 17
 8454016 5 1318 998 1318 998 1318 998 1253 998 1253 998 1253 998 0 17 0 17
 8454016 5 1227 894 1227 894 1227 894 1370 894 1370 894 1370 894 0 17 0 17
 8454016 5 1318 907 1318 907 1318 901 1409 901 1409 907 1409 907 0 17 0 17
 8454016 5 1305 907 1305 907 1305 907 1383 907 1383 907 1383 907 0 17 0 17
 8454016 5 1266 1011 1266 1011 1266 1011 1383 1011 1383 1011 1383 1011 0 17 0 17
 8454016 5 1266 1024 1266 1024 1266 1019 1214 1019 1214 1024 1214 1024 0 17 0 17
 16744448 5 1253 881 1253 881 1253 881 1253 829 1253 829 1253 829 0 17 0 17
 16744448 5 1344 881 1344 881 1344 881 1344 829 1344 829 1344 829 0 17 0 17
 16744448 5 1422 881 1422 881 1422 881 1422 829 1422 829 1422 829 0 17 0 17
 16744448 5 1396 881 1396 881 1396 881 1396 829 1396 829 1396 829 0 17 0 17
 16744448 5 1682 881 1682 881 1682 881 1682 829 1682 829 1682 829 0 17 0 17
 16744448 5 1656 881 1656 881 1656 881 1656 829 1656 829 1656 829 0 17 0 17
 16744448 5 1421 606 1421 606 1421 606 1421 554 1421 554 1421 554 0 6 0 6
 16744448 5 1395 606 1395 606 1395 606 1395 554 1395 554 1395 554 0 6 0 6
 16744448 5 1655 606 1655 606 1655 606 1655 554 1655 554 1655 554 0 6 0 6
 16744448 5 1681 606 1681 606 1681 606 1681 554 1681 554 1681 554 0 6 0 6
 16744448 5 1552 331 1552 331 1552 331 1552 279 1552 279 1552 279 0 5 0 5
 16744448 5 1526 279 1526 279 1526 279 1526 331 1526 331 1526 331 0 5 0 5
 16744448 5 1812 331 1812 331 1812 279 1812 279 1799 279 1799 279 0 5 0 5
 16744448 5 1786 331 1786 331 1786 331 1786 279 1786 279 1786 279 0 5 0 5
 8454016 5 1240 1011 1240 1011 1240 1011 1188 1011 1188 1011 1188 1011 0 17 0 17
 8454016 5 1188 972 1188 972 1188 972 1188 933 1188 933 1188 933 0 17 0 17
 8454016 5 1188 920 1188 920 1188 924 1123 924 1123 920 1123 920 0 17 0 17
 8454016 5 1201 998 1201 998 1201 998 1175 998 1175 998 1175 998 0 17 0 17
 8454016 5 1175 972 1175 972 1175 972 1175 933 1175 933 1175 933 0 17 0 17
 8454016 5 1175 907 1175 907 1175 907 1110 907 1110 907 1110 907 0 17 0 17
 8454016 5 1240 881 1240 881 1240 881 1240 881 1084 881 1084 881 0 17 0 17
 16744448 5 1162 881 1162 881 1162 881 1162 829 1162 829 1162 829 0 17 0 17
 16744448 5 1136 829 1136 829 1136 829 1136 881 1136 881 1136 881 0 17 0 17
 8454016 5 1123 894 1123 894 1123 894 1045 894 1045 894 1045 894 0 17 0 17
 8454016 5 1045 933 1045 933 1045 933 1045 972 1045 972 1045 972 0 17 0 17
 8454016 5 1045 985 1045 985 1045 978 897 978 897 984 897 984 0 17 0 18
 8454016 5 1110 920 1110 920 1110 925 897 925 897 919 897 919 0 17 0 18
 8454016 5 1084 907 1084 907 923 907 923 907 923 906 923 906 0 17 0 18
 8454016 5 1642 749 1642 761 1176 761 1176 894 1149 894 1149 894 0 6 0 17
 8454016 5 1149 920 1149 920 1149 920 1032 920 1032 920 1032 920 0 17 0 17
 8454016 5 1032 933 1032 933 1032 933 1032 972 1032 972 1032 972 0 17 0 17
 8454016 5 1032 985 1032 985 923 985 923 985 923 984 923 984 0 17 0 18
 8454016 5 910 1010 910 1010 910 1007 858 1007 858 1010 858 1010 0 18 0 18
 8454016 5 871 997 871 997 871 997 845 997 845 997 845 997 0 18 0 18
 8454016 5 858 971 858 971 858 971 858 932 858 932 858 932 0 18 0 18
 8454016 5 845 932 845 932 845 932 845 971 845 971 845 971 0 18 0 18
 8454016 5 858 919 858 919 858 923 793 923 793 919 793 919 0 18 0 18
 8454016 5 845 906 845 906 845 906 780 906 780 906 780 906 0 18 0 18
 8454016 5 910 880 910 880 910 879 754 879 754 880 754 880 0 18 0 18
 8454016 5 1382 736 1382 736 1382 761 819 761 819 893 819 893 0 6 0 18
 8454016 5 819 919 819 919 819 912 715 912 715 919 715 919 0 18 0 18
 8454016 5 715 932 715 932 715 932 715 971 715 971 715 971 0 18 0 18
 8454016 5 715 984 715 984 715 984 663 984 663 984 663 984 0 18 0 18
 8454016 5 728 971 728 971 728 971 728 932 728 932 728 932 0 18 0 18
 8454016 5 728 893 728 893 728 893 793 893 793 893 793 893 0 18 0 18
 8454016 5 728 984 728 984 728 978 637 978 637 984 637 984 0 18 0 18
 8454016 5 754 906 754 906 754 906 663 906 663 906 663 906 0 18 0 18
 8454016 5 780 919 780 919 780 919 780 919 637 919 637 919 0 18 0 18
 8454016 5 1123 1024 1123 1024 1123 1020 936 1020 936 1023 936 1023 0 17 0 18
 8454016 5 884 1010 884 1010 884 1010 936 1010 936 1010 936 1010 0 18 0 18
 8454016 5 793 1023 793 1023 793 1018 676 1018 676 1023 676 1023 0 18 0 18
 8454016 5 689 1010 689 1010 689 1010 624 1010 624 1010 624 1010 0 18 0 18
 255 5 754 1023 754 1023 754 1023 754 1075 754 1075 754 1075 0 18 0 18
 255 5 1084 1024 1084 1024 1084 1024 1084 1076 1084 1076 1084 1076 0 17 0 17
 255 5 169 1126 169 1126 169 1126 169 1075 169 1075 169 1075 0 19 0 18
 255 5 208 880 208 880 208 880 208 841 208 841 208 841 0 18 0 18
 255 5 338 880 338 880 338 880 338 841 338 841 338 841 0 18 0 18
 16744448 5 299 1023 299 1023 299 1023 299 1062 299 1062 299 1062 0 18 0 18
 16744448 5 429 1023 429 1023 429 1023 429 1062 429 1062 429 1062 0 18 0 18
 16744448 5 559 1023 559 1023 559 1023 559 1062 559 1062 559 1062 0 18 0 18
 255 5 468 880 468 880 468 880 468 841 468 841 468 841 0 18 0 18
 65535 5 1500 1011 1500 1011 1500 1028 468 1028 468 1010 468 1010 0 17 0 18
 65535 5 1461 985 1461 985 1461 988 481 988 481 984 481 984 0 17 0 18
 65535 5 1500 920 1500 920 1500 920 1448 920 1448 920 1448 920 0 17 0 17
 65535 5 1448 933 1448 933 1448 933 1448 972 1448 972 1448 972 0 17 0 17
 65535 5 1448 1024 1448 1024 1448 1015 533 1015 533 1023 533 1023 0 17 0 18
 65535 5 507 919 507 925 611 925 611 1238 502 1238 502 1222 0 18 0 19
 65535 5 520 919 520 930 609 930 609 1240 515 1240 515 1222 0 18 0 19
 65535 5 533 919 533 928 603 928 603 1224 528 1224 528 1222 0 18 0 19
 65535 5 546 919 546 928 601 928 601 1222 541 1222 541 1222 0 18 0 19
 65535 5 559 919 559 927 604 927 604 1222 554 1222 554 1222 0 18 0 19
 65535 5 481 919 481 919 602 919 602 1222 567 1222 567 1222 0 18 0 19
 65535 5 468 919 468 925 602 925 602 1222 580 1222 580 1222 0 18 0 19
 65535 5 1643 1024 1643 1024 1643 1010 1643 1010 416 1010 416 1010 0 17 0 18
 65535 5 650 997 650 997 650 992 338 992 338 997 338 997 0 18 0 18
 65535 5 611 997 611 997 611 1006 351 1006 351 997 351 997 0 18 0 18
 65535 5 650 906 650 906 650 906 585 906 585 906 585 906 0 18 0 18
 65535 5 585 932 585 932 585 932 585 971 585 971 585 971 0 18 0 18
 65535 5 585 1023 585 1023 585 1030 403 1030 403 1023 403 1023 0 18 0 18
 65535 5 377 919 377 900 621 900 621 1247 398 1247 398 1222 0 18 0 19
 65535 5 390 919 390 908 612 908 612 1242 411 1242 411 1222 0 18 0 19
 65535 5 403 919 403 919 403 1237 424 1237 424 1222 424 1222 0 18 0 19
 65535 5 416 919 416 914 650 914 650 1233 437 1233 437 1222 0 18 0 19
 65535 5 429 919 429 930 678 930 678 1253 450 1253 450 1222 0 18 0 19
 65535 5 351 919 351 1254 467 1254 467 1222 463 1222 463 1222 0 18 0 19
 65535 5 364 919 364 1257 601 1257 601 1222 476 1222 476 1222 0 18 0 19
 65535 5 1383 1024 1383 1024 1383 1017 286 1017 286 1023 286 1023 0 17 0 18
 65535 5 1123 998 1123 998 1123 1010 208 1010 208 997 208 997 0 17 0 18
 65535 5 793 984 793 984 793 984 221 984 221 984 221 984 0 18 0 18
 65535 5 247 919 247 919 187 919 187 1222 190 1222 190 1222 0 18 0 19
 65535 5 260 919 260 919 203 919 203 919 203 1222 203 1222 0 18 0 19
 65535 5 273 919 273 919 273 919 216 919 216 1222 216 1222 0 18 0 19
 65535 5 286 919 286 919 223 919 223 1222 229 1222 229 1222 0 18 0 19
 65535 5 299 919 299 919 219 919 219 1222 242 1222 242 1222 0 18 0 19
 65535 5 221 906 221 906 221 1222 221 1222 255 1222 255 1222 0 18 0 19
 65535 5 234 906 234 906 226 906 226 1222 268 1222 268 1222 0 18 0 19
 255 5 1045 1076 1045 1076 936 1076 936 1076 936 1075 936 1075 0 17 0 18
 16744448 5 806 893 806 893 806 893 806 828 806 828 806 828 0 18 0 18
 16744448 5 832 828 832 828 832 828 832 893 832 893 832 893 0 18 0 18
 16744448 5 923 1062 923 1062 1045 1062 1045 1062 1045 1063 1045 1063 0 18 0 17
 16744448 5 899 513 899 513 899 554 899 554 898 554 898 554 0 3 0 4
 16744448 5 912 526 912 526 912 526 912 567 911 567 911 567 0 3 0 4
 16744448 5 1035 636 1035 636 1035 575 872 575 872 554 872 554 0 16 0 4
 16744448 5 1035 685 1035 685 1039 685 1039 759 898 759 898 788 0 13 0 4
 16744448 5 897 828 897 828 897 788 897 788 885 788 885 788 0 18 0 4
 16744448 5 923 841 923 841 923 801 923 801 924 801 924 801 0 18 0 4
 16744448 5 938 513 938 513 938 513 1045 513 1045 513 1045 513 0 3 0 5
 16711808 5 963 645 963 645 963 644 1038 644 1038 692 1090 692 0 4 0 13
 16711808 5 924 619 924 619 1038 619 1038 692 1070 692 1070 692 0 4 0 13
 8454143 5 743 461 743 461 743 461 1045 461 1045 461 1045 461 0 3 0 5
 16711808 5 1084 474 1084 474 1036 474 1036 643 1070 643 1070 643 0 5 0 16
 16744448 5 1136 474 1136 474 1136 474 1136 513 1136 513 1136 513 0 5 0 5
 255 5 1045 331 1045 331 1045 331 1045 292 1045 292 1045 292 0 5 0 5
 16744448 5 1058 279 1058 279 1058 279 1058 331 1058 331 1058 331 0 5 0 5
 16711808 5 1213 697 1213 697 1213 692 1213 692 1210 692 1210 692 0 6 0 13
 16711808 5 1187 697 1187 697 1187 692 1187 692 1190 692 1190 692 0 6 0 13
 16711808 5 781 723 781 723 781 759 1213 759 1213 736 1213 736 0 4 0 6
 16711808 5 820 723 820 723 820 757 1187 757 1187 736 1187 736 0 4 0 6
 16711808 5 833 619 833 619 833 759 1148 759 1148 749 1148 749 0 4 0 6
 16711808 5 794 606 794 606 794 758 1109 758 1109 749 1109 749 0 4 0 6
 16711808 5 1109 723 1109 723 1109 723 1109 692 1150 692 1150 692 0 6 0 13
 16711808 5 1148 723 1148 723 1148 723 1148 692 1170 692 1170 692 0 6 0 13
 16711808 5 950 749 950 749 950 758 1083 758 1083 749 1083 749 0 4 0 6
 16711808 5 1083 723 1083 693 1101 693 1101 692 1110 692 1110 692 0 6 0 13
 16711808 5 911 723 911 723 911 758 1252 758 1252 736 1252 736 0 4 0 6
 16711808 5 1252 723 1252 723 1252 691 1130 691 1130 692 1130 692 0 6 0 13
 16711808 5 924 606 924 606 1035 606 1035 331 1240 331 1240 344 0 4 0 5
 16711808 5 963 606 1035 606 1035 330 1266 330 1266 344 1266 344 0 4 0 5
 16711808 5 1083 710 1083 693 1036 693 1036 370 1539 370 1539 370 0 6 0 5
 16711808 5 1252 697 1252 692 1035 692 1035 331 1799 331 1799 331 0 6 0 5
 16711808 5 1109 710 1109 692 1036 692 1036 600 1668 600 1668 606 0 6 0 6
 16711808 5 1148 710 1148 692 1036 692 1036 600 1408 600 1408 619 0 6 0 6
 16711808 5 1669 881 1669 881 1187 881 1187 881 1187 749 1187 749 0 17 0 6
 16711808 5 1213 749 1213 749 1213 758 546 758 546 997 546 997 0 6 0 18
 255 5 234 1023 234 1023 234 1023 234 1075 234 1075 234 1075 0 18 0 18
 255 5 364 1023 364 1023 364 1023 364 1075 364 1075 364 1075 0 18 0 18
 255 5 494 1023 494 1023 494 1023 494 1075 494 1075 494 1075 0 18 0 18
 255 5 260 1023 260 1023 260 1023 260 1075 260 1075 260 1075 0 18 0 18
 255 5 390 1023 390 1023 390 1023 390 1075 390 1075 390 1075 0 18 0 18
 255 5 520 1023 520 1023 520 1023 520 1075 520 1075 520 1075 0 18 0 18
 16744448 5 938 279 938 279 938 279 1045 279 1045 279 1045 279 0 3 0 5
 255 5 938 292 938 292 938 292 1058 292 1058 292 1058 292 0 3 0 5
 255 5 938 526 938 526 938 526 1045 526 1045 526 1045 526 0 3 0 5
 16744448 5 1045 829 1045 829 910 829 910 829 910 828 910 828 0 17 0 18
 255 5 936 841 936 841 1045 841 1045 841 1045 842 1045 842 0 18 0 17
34
 7086 1 14 464 383 5 0 8583336 22246672 3
 7086 1 14 607 383 5 0 8583336 22246672 3
 7283 1 16 191 383 5 0 8583336 22246672 3
 7283 1 16 321 383 5 0 8583336 22246672 3
 7086 1 14 190 658 5 0 8583336 22246672 4
 7086 1 14 320 658 5 0 8583336 22246672 4
 7008 1 14 867 383 5 0 8583336 22246672 3
 7004 1 14 750 383 5 0 8583336 22246672 3
 7283 1 16 463 658 5 0 8583336 22246672 4
 7283 1 16 593 658 5 0 8583336 22246672 4
 7157 1 16 866 658 5 0 8583336 22246672 4
 7157 1 16 736 658 5 0 8583336 22246672 4
 7085 1 16 1455 383 5 0 8583336 21531504 5
 7085 1 16 1584 658 5 0 8583336 21531504 6
 7085 1 16 1324 658 5 0 8583336 21531504 6
 7085 1 16 1715 383 5 0 8583336 21531504 5
 7085 1 16 1182 383 5 0 8583336 21531504 5
 7283 1 16 1312 383 5 0 8583336 21531504 5
 7283 1 16 1585 383 5 0 8583336 21531504 5
 7283 1 16 1714 658 5 0 8583336 21531504 6
 7283 1 16 1454 658 5 0 8583336 21531504 6
 7283 1 16 1715 933 5 0 8583336 21531504 17
 7085 1 16 1585 933 5 0 8583336 21531504 17
 7085 1 16 1325 933 5 0 8583336 21531504 17
 7283 1 16 1455 933 5 0 8583336 21531504 17
 7283 1 16 1195 933 5 0 8583336 21531504 17
 7085 1 16 1065 933 5 0 8583336 21531504 17
 7283 1 16 865 932 5 0 8583336 21531504 18
 7283 1 16 605 932 5 0 8583336 21531504 18
 7085 1 16 735 932 5 0 8583336 21531504 18
 7047 1 16 462 932 5 0 8583336 22126688 18
 7047 1 16 332 932 5 0 8583336 22126688 18
 7047 1 16 202 932 5 0 8583336 22126688 18
 7157 1 16 1039 383 5 0 8583336 22126688 5
